0.0 0.02222222222222222
0.03333333333333333 0.06419753086419752
0.06666666666666667 0.12323731138545951
0.1 0.19651272671848805
0.13333333333333333 0.281130044539281
0.16666666666666666 0.3742007108973528
0.2 0.47290508000365483
0.23333333333333334 0.5745489478559823
0.26666666666666666 0.6766122730579701
0.3 0.7767896966184931
0.3333333333333333 0.8730226892710032
0.36666666666666664 0.9635233561483794
0.4 1.0467901113889138
0.43333333333333335 1.1216155970216473
0.4666666666666667 1.1870873595532125
0.5 1.2425819129807898
0.5333333333333333 1.287752908037454
0.5666666666666667 1.322514194466027
0.6 1.347018606668371
0.6333333333333333 1.3616333243045429
0.6666666666666666 1.3669126598329544
0.7 1.3635691064292195
0.7333333333333333 1.3524434442962783
0.7666666666666666 1.3344746533685703
0.8 1.310670318226246
0.8333333333333334 1.28207813913599
0.8666666666666667 1.2497590839840682
0.9 1.214762631868227
0.9333333333333333 1.1781044725656113
0.9666666666666667 1.1407469391439926
1.0 1.103582365601096
1.0333333333333332 1.0674194793597658
1.0666666666666667 1.0329728612430038
1.1 1.0008554344867762
1.1333333333333333 0.9715738804536184
1.1666666666666667 0.9455268227688833
1.2 0.9230055741501498
1.2333333333333334 0.9041972015386339
1.2666666666666666 0.8891896353472835
1.3 0.877978527587447
1.3333333333333333 0.8704755510154306
1.3666666666666667 0.8665178267828064
1.4 0.8658781707756866
1.4333333333333333 0.8682758581741846
1.4666666666666666 0.8733876209556123
1.5 0.8808586132463441
1.5333333333333332 0.8903131037057588
1.5666666666666667 0.9013646815975421
1.6 0.913625792974555
1.6333333333333333 0.9267164546075102
1.6666666666666667 0.940272025104036
1.7 0.9539499443318921
1.7333333333333334 0.9674353830876747
1.7666666666666666 0.9804457743298842
1.8 0.992734224698789
1.8333333333333333 1.004091830041596
1.8666666666666667 1.0143489409085626
1.9 1.023375443233831
1.9333333333333333 1.031080135502768
1.9666666666666666 1.0374092965588488
2.0 1.0423445478197484
2.033333333333333 1.0459001201281293
2.0666666666666664 1.0481196388951401
2.1 1.0490725417963027
2.1333333333333333 1.0488502412885552
2.1666666666666665 1.0475621399084174
2.2 1.045331599986327
2.2333333333333334 1.0422919613909487
2.2666666666666666 1.0385826915286942
2.3 1.0343457413980026
2.3333333333333335 1.0297221703589727
2.3666666666666667 1.0248490907376573
2.4 1.0198569717329553
2.433333333333333 1.0148673306012725
2.466666666666667 1.0099908280012666
2.5 1.005325773899011
2.533333333333333 1.000957040741422
2.5666666666666664 0.9969553718480321
2.6 0.993377065259654
2.6333333333333333 0.9902640066955841
2.6666666666666665 0.9876440198550855
2.7 0.9855314980702963
2.7333333333333334 0.9839282782648152
2.7666666666666666 0.9828247162583811
2.8 0.9822009216245551
2.8333333333333335 0.9820281104776347
2.8666666666666667 0.9822700356442711
2.9 0.9828844555595562
2.933333333333333 0.9838246058032704
2.966666666666667 0.9850406403408041
3.0 0.9864810131340949
3.033333333333333 0.988093774720558
3.0666666666666664 0.9898277625055456
3.1 0.9916336677650779
3.1333333333333333 0.9934649666067612
3.1666666666666665 0.9952787062934783
3.2 0.9970361423126322
3.2333333333333334 0.998703225300914
3.2666666666666666 1.0002509403502173
3.3 1.0016555042762445
3.3333333333333335 1.0028984290915974
3.3666666666666667 1.0039664621657725
3.4 1.0048514153630037
3.433333333333333 1.0055498968235255
3.466666666666667 1.0060629600025894
3.5 1.0063956851212348
3.533333333333333 1.006556708337751
3.5666666666666664 1.0065577137497381
3.6 1.0064129028195548
3.6333333333333333 1.0061384550205088
3.6666666666666665 1.0057519924698115
3.6999999999999997 1.0052720600909584
3.7333333333333334 1.0047176314770934
3.7666666666666666 1.0041076491516367
3.8 1.0034606063850733
3.8333333333333335 1.0027941761669807
3.8666666666666667 1.002124891386786
3.9 1.0014678787784579
3.933333333333333 1.0008366477624602
3.966666666666667 1.0002429339976078
4.0 0.9996965962563511
4.033333333333333 0.9992055641752874
4.066666666666666 0.9987758335197565
4.1 0.9984115048442784
4.133333333333333 0.9981148608323035
4.166666666666667 0.997886477158453
4.2 0.9977253614298682
4.233333333333333 0.9976291146231607
4.266666666666667 0.9975941094298684
4.3 0.9976156800442051
4.333333333333333 0.9976883181585076
4.366666666666666 0.9978058702591277
4.4 0.9979617317228233
4.433333333333334 0.9981490336847946
4.466666666666667 0.9983608191682621
4.5 0.998590205516127
4.533333333333333 0.9988305307327123
4.566666666666666 0.9990754819137634
4.6 0.9993192045028599
4.633333333333333 0.9995563916506401
4.666666666666667 0.9997823534597148
4.7 0.9999930663644336
4.733333333333333 1.000185203313968
4.766666666666667 1.0003561457943444
4.8 1.000503979036591
4.833333333333333 1.0006274720120472
4.866666666666666 1.0007260440116397
4.9 1.0007997197443432
4.933333333333334 1.0008490749731547
4.966666666666667 1.0008751747377795
5.0 1.0008795061958204
5.033333333333333 1.0008639080532398
5.066666666666666 1.0008304984554832
5.1 1.0007816030785168
5.133333333333333 1.0007196849999807
5.166666666666667 1.0006472777506483
5.2 1.0005669227512424
5.233333333333333 1.0004811121350896
5.266666666666667 1.000392237748482
5.3 1.00030254691294
5.333333333333333 1.000214105331381
5.366666666666666 1.000128767327486
5.4 1.0000481534277708
5.433333333333334 0.9999736351318578
5.466666666666667 0.9999063265704293
5.5 0.9998470826240075
5.533333333333333 0.9997965029700675
5.566666666666666 0.9997549414415876
5.6 0.9997225200169375
5.633333333333333 0.9996991467185469
5.666666666666667 0.9996845366751569
5.7 0.9996782355983982
5.733333333333333 0.9996796449373871
5.766666666666667 0.999688048003191
5.8 0.9997026363964082
5.833333333333333 0.9997225361236416
5.866666666666666 0.9997468328501513
5.9 0.9997745958043014
5.933333333333334 0.9998048999224316
5.966666666666667 0.9998368458984519
6.0 0.9998695778788607
6.033333333333333 0.9999022986192586
6.066666666666666 0.9999342819911935
6.1 0.9999648827969301
6.133333333333333 0.9999935439133363
6.166666666666667 1.0000198008435435
6.2 1.0000432838056537
6.233333333333333 1.0000637175310063
6.266666666666667 1.0000809189800832
6.3 1.0000947932119073
6.333333333333333 1.0001053276628602
6.366666666666666 1.000112585103443
6.4 1.0001166955470087
6.433333333333334 1.0001178473834351
6.466666666666667 1.0001162780036585
6.5 1.00011226416867
6.533333333333333 1.0001061123597101
6.566666666666666 1.0000981493257755
6.6 1.0000887130209513
6.633333333333333 1.0000781440983126
6.666666666666667 1.0000667780999464
6.7 1.0000549384547697
6.733333333333333 1.0000429303679472
6.766666666666667 1.0000310356584436
6.8 1.0000195085751529
6.833333333333333 1.0000085725975958
6.866666666666666 0.9999984182047641
6.8999999999999995 0.9999892015756341
6.933333333333334 0.999981044167413
6.966666666666667 0.9999740331028693
7.0 0.9999682222862214
7.033333333333333 0.9999636341580264
7.066666666666666 0.9999602619932705
7.1 0.9999580726433093
7.133333333333333 0.9999570096212713
7.166666666666667 0.999956996431831
7.2 0.9999579400496338
7.233333333333333 0.9999597344558625
7.266666666666667 0.9999622641491852
7.3 0.9999654075553419
7.333333333333333 0.9999690402686107
7.366666666666666 0.9999730380680644
7.3999999999999995 0.9999772796616098
7.433333333333334 0.9999816491210267
7.466666666666667 0.9999860379813617
7.5 0.999990346987859
7.533333333333333 0.9999944874829378
7.566666666666666 0.9999983824343891
7.6 1.0000019671138363
7.633333333333333 1.0000051894414697
7.666666666666667 1.0000080100190587
7.7 1.0000104018782165
7.733333333333333 1.0000123499748224
7.766666666666667 1.0000138504634006
7.8 1.0000149097871411
7.833333333333333 1.0000155436201685
7.866666666666666 1.000015775698701
7.8999999999999995 1.0000156365769484
7.933333333333334 1.000015162342086
7.966666666666667 1.0000143933204988
8.0 1.0000133728048193
8.033333333333333 1.0000121458282043
8.066666666666666 1.000010758008884
8.1 1.000009254484417
8.133333333333333 1.0000076789513603
8.166666666666666 1.000006072822323
8.2 1.0000044745087042
8.233333333333333 1.0000029188338806
8.266666666666666 1.0000014365782885
8.3 1.0000000541547873
8.333333333333334 0.9999987934099357
8.366666666666667 0.9999976715444058
8.4 0.9999967011437142
8.433333333333334 0.9999958903087796
8.466666666666667 0.9999952428745332
8.5 0.9999947587038973
8.533333333333333 0.9999944340438982
8.566666666666666 0.9999942619304794
8.6 0.9999942326286874
8.633333333333333 0.9999943340953062
8.666666666666666 0.9999945524516635
8.7 0.9999948724551966
8.733333333333333 0.9999952779594115
8.766666666666666 0.9999957523530427
8.8 0.9999962789705061
8.833333333333334 0.999996841467073
8.866666666666667 0.999997424153566
8.9 0.9999980122867361
8.933333333333334 0.9999985923128084
8.966666666666667 0.9999991520629453
9.0 0.9999996809005604
9.033333333333333 1.0000001698214862
9.066666666666666 1.0000006115089635
9.1 1.0000010003462436
9.133333333333333 1.0000013323902937
9.166666666666666 1.000001605310644
9.2 1.0000018182978379
9.233333333333333 1.0000019719462183
9.266666666666666 1.000002068115938
9.3 1.0000021097791065
9.333333333333334 1.0000021008549023
9.366666666666667 1.0000020460382963
9.4 1.0000019506267601
9.433333333333334 1.0000018203489882
9.466666666666667 1.0000016611992633
9.5 1.0000014792806413
9.533333333333333 1.0000012806596605
9.566666666666666 1.0000010712347747
9.6 1.0000008566202172
9.633333333333333 1.0000006420465046
9.666666666666666 1.0000004322783111
9.7 1.0000002315499947
9.733333333333333 1.00000004351864
9.766666666666666 0.9999998712341027
9.8 0.9999997171252112
9.833333333333334 0.9999995830009946
9.866666666666667 0.9999994700655753
9.9 0.9999993789451808
9.933333333333334 0.9999993097255953
9.966666666666667 0.9999992619982934
