0.0 0.02222222222222222
0.03333333333333333 0.06419753086419752
0.06666666666666667 0.12323731138545951
0.1 0.19651272671848805
0.13333333333333333 0.281130044539281
0.16666666666666666 0.3742007108973528
0.2 0.47290508000365483
0.23333333333333334 0.5745489478559823
0.26666666666666666 0.6766122730579701
0.3 0.7767896966184931
0.3333333333333333 0.8730226892710032
0.36666666666666664 0.9635233561483794
0.4 1.0467901113889138
0.43333333333333335 1.1216155970216473
0.4666666666666667 1.1870873595532125
0.5 1.2425819129807898
0.5333333333333333 1.287752908037454
0.5666666666666667 1.322514194466027
0.6 1.347018606668371
0.6333333333333333 1.3616333243045429
0.6666666666666666 1.3669126598329544
0.7 1.3635691064292195
0.7333333333333333 1.3524434442962783
0.7666666666666666 1.3344746533685703
0.8 1.310670318226246
0.8333333333333334 1.28207813913599
0.8666666666666667 1.2497590839840682
0.9 1.214762631868227
0.9333333333333333 1.1781044725656113
0.9666666666666667 1.1407469391439926
1.0 1.103582365601096
1.0333333333333332 1.0674194793597658
1.0666666666666667 1.0329728612430038
1.1 1.0008554344867762
1.1333333333333333 0.9715738804536184
1.1666666666666667 0.9455268227688833
1.2 0.9230055741501498
1.2333333333333334 0.9041972015386339
1.2666666666666666 0.8891896353472835
1.3 0.877978527587447
1.3333333333333333 0.8704755510154306
1.3666666666666667 0.8665178267828064
1.4 0.8658781707756866
1.4333333333333333 0.8682758581741846
1.4666666666666666 0.8733876209556123
1.5 0.8808586132463441
1.5333333333333332 0.8903131037057588
1.5666666666666667 0.9013646815975421
1.6 0.913625792974555
1.6333333333333333 0.9267164546075102
1.6666666666666667 0.940272025104036
1.7 0.9539499443318921
1.7333333333333334 0.9674353830876747
1.7666666666666666 0.9804457743298842
1.8 0.992734224698789
1.8333333333333333 1.004091830041596
1.8666666666666667 1.0143489409085626
1.9 1.023375443233831
1.9333333333333333 1.031080135502768
1.9666666666666666 1.0374092965588488
2.0 1.0423445478197484
2.033333333333333 1.0459001201281293
2.0666666666666664 1.0481196388951401
2.1 1.0490725417963027
2.1333333333333333 1.0488502412885552
2.1666666666666665 1.0475621399084174
2.2 1.045331599986327
2.2333333333333334 1.0422919613909487
2.2666666666666666 1.0385826915286942
2.3 1.0343457413980026
2.3333333333333335 1.0297221703589727
2.3666666666666667 1.0248490907376573
2.4 1.0198569717329553
2.433333333333333 1.0148673306012725
2.466666666666667 1.0099908280012666
2.5 1.005325773899011
2.533333333333333 1.000957040741422
2.5666666666666664 0.9969553718480321
2.6 0.993377065259654
2.6333333333333333 0.9902640066955841
2.6666666666666665 0.9876440198550855
2.7 0.9855314980702963
2.7333333333333334 0.9839282782648152
2.7666666666666666 0.9828247162583811
2.8 0.9822009216245551
2.8333333333333335 0.9820281104776347
2.8666666666666667 0.9822700356442711
2.9 0.9828844555595562
2.933333333333333 0.9838246058032704
2.966666666666667 0.9850406403408041
3.0 0.9864810131340949
3.033333333333333 0.988093774720558
3.0666666666666664 0.9898277625055456
3.1 0.9916336677650779
3.1333333333333333 0.9934649666067612
3.1666666666666665 0.9952787062934783
3.2 0.9970361423126322
3.2333333333333334 0.998703225300914
3.2666666666666666 1.0002509403502173
3.3 1.0016555042762445
3.3333333333333335 1.0028984290915974
3.3666666666666667 1.0039664621657725
3.4 1.0048514153630037
3.433333333333333 1.0055498968235255
3.466666666666667 1.0060629600025894
3.5 1.0063956851212348
3.533333333333333 1.006556708337751
3.5666666666666664 1.0065577137497381
3.6 1.0064129028195548
3.6333333333333333 1.0061384550205088
3.6666666666666665 1.0057519924698115
3.6999999999999997 1.0052720600909584
3.7333333333333334 1.0047176314770934
3.7666666666666666 1.0041076491516367
3.8 1.0034606063850733
3.8333333333333335 1.0027941761669807
3.8666666666666667 1.002124891386786
3.9 1.0014678787784579
3.933333333333333 1.0008366477624602
3.966666666666667 1.0002429339976078
4.0 0.9996965962563511
4.033333333333333 0.9992055641752874
4.066666666666666 0.9987758335197565
4.1 0.9984115048442784
4.133333333333333 0.9981148608323035
4.166666666666667 0.997886477158453
4.2 0.9977253614298682
4.233333333333333 0.9976291146231607
4.266666666666667 0.9975941094298684
4.3 0.9976156800442051
4.333333333333333 0.9976883181585076
4.366666666666666 0.9978058702591277
4.4 0.9979617317228233
4.433333333333334 0.9981490336847946
4.466666666666667 0.9983608191682621
4.5 0.998590205516127
4.533333333333333 0.9988305307327123
4.566666666666666 0.9990754819137634
4.6 0.9993192045028599
4.633333333333333 0.9995563916506401
4.666666666666667 0.9997823534597148
4.7 0.9999930663644336
4.733333333333333 1.000185203313968
4.766666666666667 1.0003561457943444
4.8 1.000503979036591
4.833333333333333 1.0006274720120472
4.866666666666666 1.0007260440116397
4.9 1.0007997197443432
4.933333333333334 1.0008490749731547
4.966666666666667 1.0008751747377795
5.0 0.9786572839735983
5.033333333333333 0.9366663771890423
5.066666666666666 0.877593187070024
5.1 0.8042688763600292
5.133333333333333 0.7195896404607001
5.166666666666667 0.6264465668532958
5.2 0.5276618427475878
5.233333333333333 0.4259321642791074
5.266666666666667 0.3237799646905119
5.3 0.2235128502944469
5.333333333333333 0.12719141606037782
5.366666666666666 0.03660541117910651
5.4 -0.04674195796114304
5.433333333333334 -0.12164196188978947
5.466666666666667 -0.18718103298278313
5.5 -0.24273483035678217
5.533333333333333 -0.2879564050673862
5.566666666666666 -0.3227592530244391
5.6 -0.34729608665143313
5.633333333333333 -0.3619341775859959
5.666666666666667 -0.3672281231577977
5.7 -0.36389087083082167
5.733333333333333 -0.35276379935889196
5.766666666666667 -0.3347866053653807
5.8 -0.31096768182983975
5.833333333333333 -0.2823556030123505
5.866666666666666 -0.2500122511339192
5.9 -0.21498803606392808
5.933333333333334 -0.17829957264318222
5.966666666666667 -0.14091009324554307
6.0 -0.1037127877222376
6.033333333333333 -0.06751718074050958
6.066666666666666 -0.03303857925181272
6.1 -0.0008905516898486468
6.133333333333333 0.028419663459715257
6.166666666666667 0.05449297807465759
6.2 0.07703770965550155
6.233333333333333 0.09586651599237046
6.266666666666667 0.11089128363279835
6.3 0.12211626562445937
6.333333333333333 0.12962977664742925
6.366666666666666 0.13359475832063675
6.4 0.1342385247713228
6.433333333333334 0.1318419892092519
6.466666666666667 0.12672865704804837
6.5 0.11925365092232854
6.533333333333333 0.1097930086539543
6.566666666666666 0.0987334677282366
6.6 0.08646292004639969
6.633333333333333 0.07336168949080608
6.666666666666667 0.05979475299591401
6.7 0.04610499412288094
6.733333333333333 0.032607547280275685
6.766666666666667 0.01958526132856256
6.8 0.007285283876366993
6.833333333333333 -0.0040832574439971184
6.866666666666666 -0.014350522703795596
6.8999999999999995 -0.023386241658194307
6.933333333333334 -0.03109909133535326
6.966666666666667 -0.03743526345597913
7.0 -0.04237632553352762
7.033333333333333 -0.045936485970104524
7.066666666666666 -0.048159376901872275
7.1 -0.04911446915299685
7.133333333333333 -0.04889323166728821
7.166666666666667 -0.04760514347659172
7.2 -0.045373659936699555
7.233333333333333 -0.042332226935093385
7.266666666666667 -0.038620427379516806
7.3 -0.03438033384266889
7.333333333333333 -0.029753130090370387
7.366666666666666 -0.024876052669601308
7.3999999999999995 -0.0198796920713539
7.433333333333334 -0.014885681480253952
7.466666666666667 -0.010004790019912807
7.5 -0.005335426911159482
7.533333333333333 -0.0009625532584917971
7.566666666666666 0.003043010586349689
7.6 0.006624901854175272
7.633333333333333 0.00974118274587913
7.666666666666667 0.012363990163967553
7.7 0.014478903807915507
7.733333333333333 0.016084071710003298
7.766666666666667 0.017189134205016547
7.8 0.01781398816258381
7.833333333333333 0.017987433142532126
7.866666666666666 0.017745740054428766
7.8999999999999995 0.017131181017391733
7.933333333333334 0.016190556538815955
7.966666666666667 0.014973752979695451
8.0 0.013532359670725764
8.033333333333333 0.011918371107648368
8.066666666666666 0.010182995503341225
8.1 0.00837558671934269
8.133333333333333 0.00654271234460308
8.166666666666666 0.004727366528849145
8.2 0.002968332196076691
8.233333333333333 0.001299693532971196
8.266666666666666 -0.0002495037719242813
8.3 -0.0016554501214529546
8.333333333333334 -0.0028996356816579027
8.366666666666667 -0.003968790621363348
8.4 -0.004854714219286902
8.433333333333334 -0.005554006514744211
8.466666666666667 -0.006067717128055444
8.5 -0.00640092641733778
8.533333333333333 -0.006562274293854181
8.566666666666666 -0.006563451819261255
8.6 -0.006418670190870784
8.633333333333333 -0.006144120925206783
8.666666666666666 -0.005757440018152767
8.7 -0.005277187635766825
8.733333333333333 -0.0047223535176870385
8.766666666666666 -0.004111896798599079
8.8 -0.003464327414572292
8.833333333333334 -0.002797334699912947
8.866666666666667 -0.0021274672332252565
8.9 -0.0014698664917270217
8.933333333333334 -0.0008380554496569186
8.966666666666667 -0.00024378193466733766
9.0 0.0003030846442046657
9.033333333333333 0.0007946056461946096
9.066666666666666 0.0012247779892033453
9.1 0.0015894955019623415
9.133333333333333 0.0018864715579880416
9.166666666666666 0.0021151281521895014
9.2 0.0022764568679688427
9.233333333333333 0.0023728573230573802
9.266666666666666 0.0024079586860701065
9.3 0.0023864297349023658
9.333333333333334 0.0023137826963961494
9.366666666666667 0.002196175779170572
9.4 0.002040218903939034
9.433333333333334 0.0018527866641960995
9.466666666666667 0.001640842031003735
9.5 0.0014112737645172754
9.533333333333333 0.0011707499269514507
9.566666666666666 0.0009255893210147787
9.6 0.000681652117361038
9.633333333333333 0.00044425039586849574
9.666666666666666 0.00021807881860043507
9.7 7.1651855650813165e-06
9.733333333333333 -0.00018515979532413167
9.766666666666666 -0.00035627456023821174
9.8 -0.0005042619113768579
9.833333333333334 -0.0006278890110503609
9.866666666666667 -0.000726573946062878
9.9 -0.0008003407991617742
9.933333333333334 -0.0008497652475593959
9.966666666666667 -0.0008759127394870203
