0.0 0.02222222222222222
0.03333333333333333 0.06024691358024691
0.06666666666666667 0.10901508916323732
0.1 0.16457808260935836
0.13333333333333333 0.22388920930075026
0.16666666666666666 0.28463094200108763
0.2 0.34507196949242197
0.23333333333333334 0.4039493458862356
0.26666666666666666 0.4603716586664493
0.3 0.5137397622904628
0.3333333333333333 0.5636821546749514
0.36666666666666664 0.6100025278752442
0.4 0.6526374120471202
0.43333333333333335 0.6916221623943378
0.4666666666666667 0.7270638201513123
0.5 0.7591196176141757
0.5333333333333333 0.7879800998066272
0.5666666666666667 0.8138560067520555
0.6 0.8369682050286574
0.6333333333333333 0.8575400792086398
0.6666666666666666 0.8757918962915462
0.7 0.8919367422347544
0.7333333333333333 0.9061777016545571
0.7666666666666666 0.9187060118589779
0.8 0.9296999724120205
0.8333333333333334 0.939324432986207
0.8666666666666667 0.9477307166742505
0.9 0.9550568643416102
0.9333333333333333 0.9614281089789716
0.9666666666666667 0.9669575081801707
1.0 0.971746678523713
1.0333333333333332 0.975886588364006
1.0666666666666667 0.9794583758387985
1.1 0.982534167190562
1.1333333333333333 0.9851778771331762
1.1666666666666667 0.9874459782659117
1.2 0.9893882306906754
1.2333333333333334 0.9910483662312648
1.2666666666666666 0.9924647241558913
1.3 0.9936708372082643
1.3333333333333333 0.9946959681753766
1.3666666666666667 0.995565598258473
1.4 0.9963018692469998
1.4333333333333333 0.996923981988653
1.4666666666666666 0.9974485539550064
1.5 0.9978899388646656
1.5333333333333332 0.9982605113792011
1.5666666666666667 0.9985709198592118
1.6 0.998830310081015
1.6333333333333333 0.9990465226863149
1.6666666666666667 0.9992262669816168
1.7 0.9993752735319134
1.7333333333333334 0.999498427812533
1.7666666666666666 0.9995998870002646
1.8 0.9996831818045953
1.8333333333333333 0.9997513050654467
1.8666666666666667 0.9998067886775059
1.9 0.9998517702446271
1.9333333333333333 0.9998880507217467
1.9666666666666666 0.9999171441667069
2.0 0.9999403206004175
2.033333333333333 0.9999586428606849
2.0666666666666664 0.9999729982324214
2.1 0.9999841255443077
2.1333333333333333 0.9999926383387066
2.1666666666666665 0.9999990446470723
2.2 1.0000037638366057
2.2333333333333334 1.0000071409347835
2.2666666666666666 1.0000094587860076
2.3 1.0000109483483273
2.3333333333333335 1.000011797397399
2.3666666666666667 1.0000121578689982
2.4 1.000012152039971
2.433333333333333 1.0000118777200182
2.466666666666667 1.000011412602719
2.5 1.000010817903306
2.533333333333333 1.000010141392552
2.5666666666666664 1.0000094199203868
2.6 1.000008681509235
2.6333333333333333 1.0000079470852963
2.6666666666666665 1.000007231905846
2.7 1.000006546731897
2.7333333333333334 1.00000589878807
2.7666666666666666 1.0000052925450842
2.8 1.0000047303547817
2.8333333333333335 1.000004212962898
2.8666666666666667 1.000003739920786
2.9 1.0000033099138863
2.933333333333333 1.0000029210218515
2.966666666666667 1.0000025709227627
3.0 1.0000022570518141
3.033333333333333 1.0000019767230783
3.0666666666666664 1.0000017272214927
3.1 1.0000015058709635
3.1333333333333333 1.000001310083443
3.1666666666666665 1.0000011373929627
3.2 1.000000985477878
3.2333333333333334 1.0000008521739743
3.2666666666666666 1.0000007354805789
3.3 1.0000006335614096
3.3333333333333335 1.000000544741543
3.3666666666666667 1.0000004675016068
3.4 1.0000004004700624
3.433333333333333 1.0000003424142618
3.466666666666667 1.0000002922308024
3.5 1.000000248935581
3.533333333333333 1.0000002116538502
3.5666666666666664 1.0000001796104954
3.6 1.0000001521206907
3.6333333333333333 1.000000128581041
3.6666666666666665 1.0000001084612746
3.6999999999999997 1.0000000912965288
3.7333333333333334 1.0000000766802368
3.7666666666666666 1.0000000642576174
3.8 1.0000000537197495
3.8333333333333335 1.0000000447982076
3.8666666666666667 1.0000000372602278
3.9 1.0000000309043708
3.933333333333333 1.0000000255566455
3.966666666666667 1.0000000210670548
4.0 1.0000000173065315
4.033333333333333 1.000000014164225
4.066666666666666 1.0000000115451062
4.1 1.0000000093678612
4.133333333333333 1.0000000075630402
4.166666666666667 1.0000000060714374
4.2 1.0000000048426745
4.233333333333333 1.0000000038339667
4.266666666666667 1.0000000030090483
4.3 1.0000000023372406
4.333333333333333 1.0000000017926431
4.366666666666666 1.0000000013534354
4.4 1.0000000010012735
4.433333333333334 1.000000000720771
4.466666666666667 1.0000000004990521
4.5 1.0000000003253682
4.533333333333333 1.0000000001907696
4.566666666666666 1.0000000000878246
4.6 1.0000000000103801
4.633333333333333 0.999999999953357
4.666666666666667 0.9999999999125765
4.7 0.9999999998846135
4.733333333333333 0.9999999998666715
4.766666666666667 0.9999999998564771
4.8 0.9999999998521908
4.833333333333333 0.9999999998523323
4.866666666666666 0.9999999998557179
4.9 0.999999999861407
4.933333333333334 0.999999999868659
4.966666666666667 0.9999999998768959
5.0 0.9777777776649142
5.033333333333333 0.9358024690347775
5.066666666666666 0.8767626885265469
5.1 0.803487273207347
5.133333333333333 0.7188699554008017
5.166666666666667 0.6257992890570426
5.2 0.5270949199647946
5.233333333333333 0.42545105212597334
5.266666666666667 0.3233877269366924
5.3 0.22321030338786552
5.333333333333333 0.1269773107458707
5.366666666666666 0.03647664387770058
5.4 -0.04679011135502553
5.433333333333334 -0.12161559698139765
5.466666666666667 -0.1870873595080612
5.5 -0.24258191293217557
5.533333333333333 -0.2877529079867648
5.566666666666666 -0.32251419441457363
5.6 -0.34701860661736456
5.633333333333333 -0.36163332425507716
5.666666666666667 -0.36691265978599147
5.7 -0.3635691063855803
5.733333333333333 -0.3524434442566374
5.766666666666667 -0.33447465333345305
5.8 -0.3106703181960307
5.833333333333333 -0.2820781391109119
5.866666666666666 -0.24975908396422786
5.9 -0.21476263185359962
5.933333333333334 -0.1781044725560584
5.966666666666667 -0.14074693913927513
6.0 -0.10358236560088874
6.033333333333333 -0.06741947936367251
6.066666666666666 -0.03297286125057168
6.1 -0.0008554344975115549
6.133333333333333 0.028426119532999037
6.166666666666667 0.054473177215619825
6.2 0.07699442583277166
6.233333333333333 0.0958027984432262
6.266666666666667 0.11081036463401311
6.3 0.12202147239375202
6.333333333333333 0.12952444896609744
6.366666666666666 0.13348217319943223
6.4 0.13412182920759436
6.433333333333334 0.13172414181041775
6.466666666666667 0.12661237903053646
6.5 0.11914138674152162
6.533333333333333 0.10968689628394097
6.566666666666666 0.09863531839405772
6.6 0.08637420701896281
6.633333333333333 0.0732835453878994
6.666666666666667 0.059727974893199434
6.7 0.04605005566706838
6.733333333333333 0.0325646169128808
6.766666666666667 0.01955422567211256
6.8 0.007265775304476779
6.833333333333333 -0.004091830037246417
6.866666666666666 -0.014348940903322076
6.8999999999999995 -0.02337544322789497
6.933333333333334 -0.03108013549633039
6.966666666666667 -0.03740929655209754
7.0 -0.04234454781286101
7.033333333333333 -0.04590012012127083
7.066666666666666 -0.048119638888460436
7.1 -0.04907254178993408
7.133333333333333 -0.04885024128261154
7.166666666666667 -0.04756213990299298
7.2 -0.04533159998149624
7.233333333333333 -0.04229196138676597
7.266666666666667 -0.03858269152519471
7.3 -0.03434574139520324
7.333333333333333 -0.02972217035687317
7.366666666666666 -0.024849090736241926
7.3999999999999995 -0.019856971732194754
7.433333333333334 -0.014867330601125231
7.466666666666667 -0.009990828001681329
7.5 -0.005325773899928414
7.533333333333333 -0.0009570407427773511
7.566666666666666 0.003044628150244224
7.6 0.006622934738325121
7.633333333333333 0.009735993302169382
7.666666666666667 0.012355980142512612
7.7 0.014468501927213943
7.733333333333333 0.0160717217326704
7.766666666666667 0.017175283739138056
7.8 0.017799078373049962
7.833333333333333 0.017971889520101925
7.866666666666666 0.017729964353635896
7.8999999999999995 0.01711554443855272
7.933333333333334 0.016175394195064655
7.966666666666667 0.014959359657774094
8.0 0.013518986864736607
8.033333333333333 0.011906225278530531
8.066666666666666 0.010172237493797654
8.1 0.008366332234512198
8.133333333333333 0.00653503339306296
8.166666666666666 0.004721293706563367
8.2 0.0029638576876067765
8.233333333333333 0.00129677469949951
8.266666666666666 -0.00025094034965376585
8.3 -0.0016555042755566668
8.333333333333334 -0.0028984290908113846
8.366666666666667 -0.00396646216491432
8.4 -0.004851415362098899
8.433333333333334 -0.005549896822598207
8.466666666666667 -0.006062960001662061
8.5 -0.006395685120327749
8.533333333333333 -0.006556708336882539
8.566666666666666 -0.006557713748923959
8.6 -0.006412902818807833
8.633333333333333 -0.006138455019839634
8.666666666666666 -0.00575199246922773
8.7 -0.005272060090465157
8.733333333333333 -0.004717631476693367
8.766666666666666 -0.004107649151330329
8.8 -0.0034606063848588876
8.833333333333334 -0.0027941761668547104
8.866666666666667 -0.0021248913867430224
8.9 -0.0014678787784914177
8.933333333333334 -0.0008366477625623688
8.966666666666667 -0.0002429339977700715
9.0 0.0003034037434355786
9.033333333333333 0.0007944358244577136
9.066666666666666 0.0012241664799565988
9.1 0.0015884951554121034
9.133333333333333 0.0018851391673735166
9.166666666666666 0.0021135228412189483
9.2 0.002274638569806587
9.233333333333333 0.0023708853765240677
9.266666666666666 0.0024058905698327933
9.3 0.002384319955517793
9.333333333333334 0.0023116818412415095
9.366666666666667 0.0021941297406510847
9.4 0.002038268276987563
9.433333333333334 0.0018509663150499643
9.466666666666667 0.00163918083161682
9.5 0.0014097944837862483
9.533333333333333 0.0011694692672342558
9.566666666666666 0.0009245180862150126
9.6 0.0006807954971482576
9.633333333333333 0.0004436083493952529
9.666666666666666 0.00021764654034484314
9.7 6.933635646806657e-06
9.733333333333333 -0.0001852033138702223
9.766666666666666 -0.00035614579423306597
9.8 -0.0005039790364695887
9.833333333333334 -0.0006274720119190965
9.866666666666667 -0.0007260440115082238
9.9 -0.0007997197442114682
9.933333333333334 -0.0008490749730252806
9.966666666666667 -0.0008751747376550814
