0.0 0.02222222222222222
0.03333333333333333 0.06024691358024691
0.06666666666666667 0.10901508916323732
0.1 0.16457808260935836
0.13333333333333333 0.22388920930075026
0.16666666666666666 0.28463094200108763
0.2 0.34507196949242197
0.23333333333333334 0.4039493458862356
0.26666666666666666 0.4603716586664493
0.3 0.5137397622904628
0.3333333333333333 0.5636821546749514
0.36666666666666664 0.6100025278752442
0.4 0.6526374120471202
0.43333333333333335 0.6916221623943378
0.4666666666666667 0.7270638201513123
0.5 0.7591196176141757
0.5333333333333333 0.7879800998066272
0.5666666666666667 0.8138560067520555
0.6 0.8369682050286574
0.6333333333333333 0.8575400792086398
0.6666666666666666 0.8757918962915462
0.7 0.8919367422347544
0.7333333333333333 0.9061777016545571
0.7666666666666666 0.9187060118589779
0.8 0.9296999724120205
0.8333333333333334 0.939324432986207
0.8666666666666667 0.9477307166742505
0.9 0.9550568643416102
0.9333333333333333 0.9614281089789716
0.9666666666666667 0.9669575081801707
1.0 0.971746678523713
1.0333333333333332 0.975886588364006
1.0666666666666667 0.9794583758387985
1.1 0.982534167190562
1.1333333333333333 0.9851778771331762
1.1666666666666667 0.9874459782659117
1.2 0.9893882306906754
1.2333333333333334 0.9910483662312648
1.2666666666666666 0.9924647241558913
1.3 0.9936708372082643
1.3333333333333333 0.9946959681753766
1.3666666666666667 0.995565598258473
1.4 0.9963018692469998
1.4333333333333333 0.996923981988653
1.4666666666666666 0.9974485539550064
1.5 0.9978899388646656
1.5333333333333332 0.9982605113792011
1.5666666666666667 0.9985709198592118
1.6 0.998830310081015
1.6333333333333333 0.9990465226863149
1.6666666666666667 0.9992262669816168
1.7 0.9993752735319134
1.7333333333333334 0.999498427812533
1.7666666666666666 0.9995998870002646
1.8 0.9996831818045953
1.8333333333333333 0.9997513050654467
1.8666666666666667 0.9998067886775059
1.9 0.9998517702446271
1.9333333333333333 0.9998880507217467
1.9666666666666666 0.9999171441667069
2.0 0.9888292094893063
2.033333333333333 0.9698351860705614
2.0666666666666664 0.9454654536508027
2.1 0.9176950842396284
2.1333333333333333 0.8880480336883311
2.1666666666666665 0.8576835736465279
2.2 0.8274677790903939
2.2333333333333334 0.7980324679916647
2.2666666666666666 0.7698236294527819
2.3 0.7431410672030949
2.3333333333333335 0.7181707200599222
2.3666666666666667 0.6950108939313752
2.4 0.6736934460164102
2.433333333333333 0.6542007965228491
2.466666666666667 0.6364795025270633
2.5 0.6204510090962191
2.533333333333333 0.6060200914892395
2.5666666666666664 0.5930814165443603
2.6 0.5815245789949077
2.6333333333333333 0.5712379074809779
2.6666666666666665 0.5621112837600744
2.7 0.5540381756145212
2.7333333333333334 0.5469170479607928
2.7666666666666666 0.5406522866155965
2.8 0.5351547441487727
2.8333333333333335 0.530341996469796
2.8666666666666667 0.526138381583662
2.9 0.5224748777430823
2.933333333333333 0.5192888665323665
2.966666666666667 0.5165238168326779
3.0 0.5141289177899577
3.033333333333333 0.512058682541075
3.0666666666666664 0.5102725393020927
3.1 0.5087344222756814
3.1333333333333333 0.5074123715168536
3.1666666666666665 0.5062781482600053
3.2 0.5053068701325386
3.2333333333333334 0.50447666905834
3.2666666666666666 0.5037683734026313
3.3 0.5031652149572753
3.3333333333333335 0.5026525606538527
3.3666666666666667 0.5022176683723684
3.4 0.5018494658465605
3.433333333333333 0.5015383514199334
3.466666666666667 0.5012760152532972
3.5 0.5010552795032464
3.533333333333333 0.500869955964248
3.5666666666666664 0.5007147196808882
3.6 0.5005849970801823
3.6333333333333333 0.5004768672378829
3.6666666666666665 0.5003869749704659
3.6999999999999997 0.500312454530572
3.7333333333333334 0.5002508627739706
3.7666666666666666 0.5002001207574858
3.8 0.5001584628174528
3.8333333333333335 0.5001243922654852
3.8666666666666667 0.500096642921476
3.9 0.5000741457820588
3.933333333333333 0.5000560001957738
3.966666666666667 0.5000414489837032
4.0 0.5000298570063246
4.033333333333333 0.5000206927338843
4.066666666666666 0.5000135124288972
4.1 0.500007946595709
4.133333333333333 0.5000036883936886
4.166666666666667 0.5000004837479027
4.2 0.49999812292437307
4.233333333333333 0.4999964333665764
4.266666666666667 0.49999527361604607
4.3 0.4999945281630784
4.333333333333333 0.4999941030939448
4.366666666666666 0.499993922418937
4.4 0.49999392498128825
4.433333333333334 0.4999940618607618
4.466666666666667 0.4999942941976922
4.5 0.49999459137371477
4.533333333333333 0.4999949294944933
4.566666666666666 0.4999952901276311
4.6 0.49999565925576267
4.633333333333333 0.49999602641070895
4.666666666666667 0.49999638395965385
4.7 0.49999672651866556
4.733333333333333 0.4999970504726372
4.766666666666667 0.4999973535839356
4.8 0.49999763467480035
4.833333333333333 0.4999978933708834
4.866666666666666 0.4999981298953247
4.9 0.49999834490446343
4.933333333333334 0.49999853935773264
4.966666666666667 0.49999871441551386
5.0 0.4888877913700365
5.033333333333333 0.46790033278704535
5.066666666666666 0.43838064090505247
5.1 0.40174312961468006
5.133333333333333 0.3594346608920146
5.166666666666667 0.3128995080359858
5.2 0.2635474908108045
5.233333333333333 0.21272570865428808
5.266666666666667 0.16169418027492233
5.3 0.11160558374539087
5.333333333333333 0.06348918282414243
5.366666666666666 0.018238924588690697
5.4 -0.023394397905580663
5.433333333333334 -0.060807105113570556
5.466666666666667 -0.09354296934499312
5.5 -0.12129024632595609
5.533333333333333 -0.14387575987914558
5.566666666666666 -0.1612564331191817
5.6 -0.1735086813352328
5.633333333333333 -0.180816092346852
5.666666666666667 -0.1834558203275084
5.7 -0.1817841098137174
5.733333333333333 -0.1762213489052919
5.766666666666667 -0.16723702565749773
5.8 -0.15533493057267422
5.833333333333333 -0.14103891214933117
5.866666666666666 -0.12487945287141125
5.9 -0.10738129102105287
5.933333333333334 -0.08905227042359187
5.966666666666667 -0.07037355675871428
6.0 -0.05179131638052105
6.033333333333333 -0.033709912560822314
6.066666666666666 -0.016486635468189646
6.1 -0.00042794666227567377
6.133333333333333 0.014212813064496515
6.166666666666667 0.02723633163634459
6.2 0.038496952298776296
6.233333333333333 0.047901141073463493
6.266666666666667 0.05540493215543487
6.3 0.06101049887111025
6.333333333333333 0.06476200412603426
6.366666666666666 0.06674088659994205
6.4 0.06706073759617044
6.433333333333334 0.06586191877948587
6.466666666666667 0.06330606344029582
6.5 0.05957059383258277
6.533333333333333 0.05484337499372016
6.566666666666666 0.04931761171845157
6.6 0.04318708047390795
6.633333333333333 0.03664177244057026
6.666666666666667 0.02986400795596103
6.7 0.023025066804295724
6.733333333333333 0.01628236338157188
6.766666666666667 0.009777181076833005
6.8 0.0036329665085857443
6.833333333333333 -0.0020458282426747748
6.866666666666666 -0.007174378388430476
6.8999999999999995 -0.011687626779264994
6.933333333333334 -0.015539972495819447
6.966666666666667 -0.01870455475988419
7.0 -0.02117218405025686
7.033333333333333 -0.02294997553592404
7.066666666666666 -0.024059741655400268
7.1 -0.024536200971914165
7.133333333333333 -0.024425059438695402
7.166666666666667 -0.023781018054236193
7.2 -0.022665757724968115
7.233333333333333 -0.02114594814219125
7.266666666666667 -0.01929132278583475
7.3 -0.017172856954802508
7.333333333333333 -0.014861080154199745
7.366666666666666 -0.012424548399112792
7.3999999999999995 -0.009928496168942175
7.433333333333334 -0.007433681999921341
7.466666666666667 -0.004995436157037443
7.5 -0.002662913585586837
7.533333333333333 -0.00047855049636324424
7.566666666666666 0.001522281440404101
7.6 0.003311433173005369
7.633333333333333 0.004867961792197516
7.666666666666667 0.006177955383190418
7.7 0.007234217202024165
7.733333333333333 0.008035828699138822
7.766666666666667 0.008587611869862425
7.8 0.008899511828302543
7.833333333333333 0.008985920416474596
7.866666666666666 0.008864961120887478
7.8999999999999995 0.00855775462666616
7.933333333333334 0.008087683051338604
7.966666666666667 0.007479669326010417
8.0 0.006759486391244507
8.033333333333333 0.005953108908652356
8.066666666666666 0.0050861181154316796
8.1 0.004183168323487693
8.133333333333333 0.0032675214391945573
8.166666666666666 0.0023606538015231546
8.2 0.0014819376471664736
8.233333333333333 0.0006483976477044654
8.266666666666666 -0.00012545874397657452
8.3 -0.0008277399287531537
8.333333333333334 -0.0014492018986884115
8.366666666666667 -0.001983218317991904
8.4 -0.0024256950929574888
8.433333333333334 -0.002774936263638189
8.466666666666667 -0.0030314685243997565
8.5 -0.0031978319503291903
8.533333333333333 -0.0032783445839464705
8.566666666666666 -0.003278848437154516
8.6 -0.0032064442048073023
8.633333333333333 -0.0030692215885619015
8.666666666666666 -0.0028759916140147167
8.7 -0.0026360267124491774
8.733333333333333 -0.0023588136529683716
8.766666666666666 -0.0020538236731532295
8.8 -0.0017303033876960288
8.833333333333334 -0.00139708927455289
8.866666666666667 -0.0010624477653657439
8.9 -0.0007339422177648832
8.933333333333334 -0.00041832733622265716
8.966666666666667 -0.00012147094779034777
9.0 0.00015169756050998628
9.033333333333333 0.00039721336672784654
9.066666666666666 0.0006120785820212782
9.1 0.0007942429207992654
9.133333333333333 0.0009425650312236702
9.166666666666666 0.0010567570644720464
9.2 0.0011373152044434108
9.233333333333333 0.0011854389496519118
9.266666666666666 0.0012029419408496147
9.3 0.0011921570674775306
9.333333333333334 0.0011558384702390202
9.366666666666667 0.0010970628934163992
9.4 0.0010191326369020917
9.433333333333334 0.0009254821223690095
9.466666666666667 0.0008195898286306679
9.5 0.0007048970759217197
9.533333333333333 0.000584734855099751
9.566666666666666 0.0004622596126819631
9.6 0.0003403986226417128
9.633333333333333 0.00022180530676855787
9.666666666666666 0.00010882461215593769
9.7 3.4683212387518142e-06
9.733333333333333 -9.260003984665647e-05
9.766666666666666 -0.0001780712123945472
9.8 -0.00025198780932941334
9.833333333333334 -0.00031373431299608226
9.866666666666667 -0.00036302036493691215
9.9 -0.00039985831526218144
9.933333333333334 -0.000424536040774934
9.966666666666667 -0.00043758605644711007
